76
71
97
6
69
87
33
27
50
65
42
58
7
22
47
32
0
49
17
4
34
41
9
31
22
79
67
90
68
36
91
68
92
84
65
88
74
8
48
27
30
100
66
48
92
2
42
53
4
26
93
40
11
51
88
68
5
64
1
88
77
69
5
43
23
70
43
13
23
7
91
76
21
24
17
39
57
69
88
31
71
60
59
4
61
23
95
9
42
53
21
83
22
32
64
94
19
71
29
65
68
99
42
88
57
9
18
61
49
14
85
47
62
17
33
77
96
100
62
62
89
36
54
58
43
84
46
93
88
61
88
86
96
63
55
43
89
16
58
79
19
22
54
60
5
47
19
54
29
56
97
91
15
20
22
94
32
5
75
23
14
83
94
42
86
73
53
65
77
32
59
43
62
21
60
98
9
60
62
38
65
83
53
48
70
19
41
69
58
88
49
70
58
60
40
31
45
20
32
97
18
71
89
44
13
78
28
90
52
11
85
42
50
21
2
38
0
7
0
99
6
2
13
77
0
93
61
94
32
4
88
37
88
88
76
42
40
7
50
85
59
83
50
18
52
49
78
90
38
82
23
48
59
51
82
84
10
98
52
81
5
82
59
38
44
68
27
61
61
42
62
5
16
24
11
33
25
26
8
40
12
87
39
5
29
91
94
39
51
45
86
97
19
26
34
65
9
67
76
68
99
69
43
96
79
94
92
63
47
93
0
32
99
51
73
82
93
48
90
73
73
12
16
56
24
94
72
95
3
16
59
32
47
36
5
69
66
45
7
24
31
78
83
45
68
48
21
44
51
46
64
99
24
49
69
86
46
77
58
41
81
90
79
42
78
34
65
43
93
3
75
61
49
10
17
86
69
49
76
8
66
14
47
46
69
42
77
36
70
65
53
15
63
40
72
51
57
79
0
73
13
50
40
29
11
4
92
32
57
47
7
56
8
20
98
23
19
10
29
11
0
79
95
69
84
67
71
79
68
56
72
40
28
61
41
31
25
7
86
31
81
6
57
33
78
93
21
8
89
8
78
22
79
66
85
40
3
1
69
62
73
35
99
33
82
75
34
44
78
25
79
91
96
40
82
39
36
38
0
92
26
49
89
30
31
57
20
67
76
95
9
3
50
93
79
8
21
86
72
20
89
4
72
4
97
69
61
89
3
33
70
70
82
74
87
96
54
25
70
0
100
11
67
12
74
30
81
45
64
86
46
42
92
96
45
65
12
75
71
31
48
5
52
72
59
13
35
90
97
45
56
12
82
53
43
8
15
70
65
60
25
81
38
19
81
97
72
5
15
41
3
1
64
56
37
20
60
9
24
73
46
27
67
87
70
20
19
78
94
78
14
37
46
75
48
6
23
58
39
36
96
54
65
40
78
31
31
71
0
88
84
43
79
55
32
9
50
99
65
24
22
17
39
28
66
95
8
55
99
30
0
8
50
49
75
76
4
84
51
31
33
0
45
42
36
15
54
53
71
0
82
91
30
35
78
66
2
5
81
22
11
30
84
61
12
85
68
24
39
78
29
68
55
31
17
91
85
53
25
69
67
76
98
19
14
20
87
76
75
22
97
30
28
95
69
47
25
66
83
37
11
10
20
55
84
11
72
87
46
44
47
51
57
27
20
1
44
5
77
49
47
42
99
82
3
22
98
36
88
75
17
92
81
83
27
90
62
62
37
58
4
96
93
48
59
62
8
35
56
70
75
30
74
57
98
46
41
6
32
56
66
96
48
70
33
29
18
29
99
7
76
21
54
83
56
53
46
8
51
16
86
91
11
69
51
53
90
31
15
94
82
37
69
50
58
41
58
51
88
29
70
10
97
99
31
16
20
14
90
33
40
13
45
80
55
64
28
22
76
70
26
99
87
90
70
40
14
48
78
49
72
16
62
79
44
43
8
93
35
26
63
18
3
75
74
83
14
3
68
52
14
50
9
26
37
51
38
90
30
67
55
28
36
70
54
2
40
37
30
48
5
37
51
49
85
37
11
73
1
46
87
41
88
79
20
23
51
36
39
46
14
58
39
98
45
42
89
25
62
95
36
49
85
50
45
74
50
74
47
68
14
34
52
26
92
95
71
16
2
86
36
95
18
38
36
4
25
83
95
74
54
59
31
39
24
55
32
61
86
74
10
22
98
4
27
99
20
94
58
33
94
35
31
29
91
51
13
18
17
52
60
96
8
33
79
74
46
25
22
91
39
18
91
1
45
53
54
94
54
72
52
8
83
12
31
85
51
21
64
29
89
45
86
56
50
1
70
9
61
65
